0.000000 0.000000 0.000001 0.999858 0.000000 0.000000 0.000000 0.000000 0.000000 0.000141 
0.000053 0.000180 0.000191 0.000735 0.077356 0.016220 0.886974 0.018235 0.000040 0.000018 
0.000015 0.000021 0.000195 0.000192 0.000026 0.979846 0.019705 0.000000 0.000000 0.000000 
0.001039 0.001602 0.259146 0.711156 0.004892 0.000713 0.001529 0.019558 0.000258 0.000107 
0.199624 0.160026 0.289263 0.195828 0.016649 0.014485 0.002547 0.002008 0.006405 0.113164 
0.000000 0.000000 0.000008 0.999992 0.000000 0.000000 0.000000 0.000000 0.000000 0.000000 
0.000054 0.001376 0.123682 0.872108 0.002173 0.000023 0.000046 0.000032 0.000406 0.000101 
0.000000 0.000000 0.000000 0.000000 0.000000 0.999998 0.000002 0.000000 0.000000 0.000000 
0.000000 0.000000 0.000000 0.000000 0.000000 0.391360 0.608640 0.000000 0.000000 0.000000 
0.000000 0.000000 0.000000 0.000000 0.000000 0.018203 0.981797 0.000000 0.000000 0.000000 
0.001729 0.003774 0.001459 0.004682 0.041327 0.541542 0.313381 0.060565 0.018291 0.013248 
0.261721 0.220628 0.165039 0.141681 0.080768 0.066772 0.022166 0.012548 0.019125 0.009551 
0.000007 0.000017 0.000000 0.000001 0.365030 0.055839 0.578987 0.000115 0.000003 0.000000 
0.631250 0.032285 0.206810 0.065327 0.004306 0.059359 0.000654 0.000008 0.000003 0.000000 
0.004795 0.013175 0.000001 0.000001 0.000000 0.981846 0.000182 0.000000 0.000000 0.000000 
0.000003 0.000001 0.000000 0.000000 0.006715 0.045294 0.005508 0.942440 0.000039 0.000001 
0.000000 0.000000 0.000190 0.999810 0.000000 0.000000 0.000000 0.000000 0.000000 0.000000 
0.828799 0.163887 0.000454 0.003938 0.000009 0.002341 0.000143 0.000006 0.000188 0.000236 
0.000264 0.000060 0.004845 0.992301 0.000484 0.000784 0.001030 0.000024 0.000096 0.000111 
0.000000 0.000000 0.000000 0.000000 0.000000 0.985950 0.014050 0.000000 0.000000 0.000000 
0.000000 0.000186 0.379182 0.128576 0.492019 0.000001 0.000028 0.000000 0.000009 0.000000 
0.668095 0.151204 0.142869 0.033600 0.000823 0.001647 0.000005 0.000000 0.001757 0.000000 
0.000000 0.000000 0.000000 0.000000 0.035564 0.639660 0.324776 0.000000 0.000000 0.000000 
0.052313 0.117618 0.010128 0.108923 0.399551 0.131032 0.004352 0.007900 0.164983 0.003201 
0.175669 0.327766 0.078390 0.086332 0.100313 0.118807 0.028737 0.034911 0.027835 0.021240 
0.011648 0.254134 0.064403 0.179318 0.173064 0.208860 0.070313 0.019843 0.018228 0.000188 
0.092031 0.017472 0.427317 0.315395 0.009512 0.039914 0.004258 0.007109 0.000735 0.086257 
0.000305 0.000089 0.000070 0.000059 0.137298 0.576605 0.280832 0.000116 0.004619 0.000007 
0.000000 0.000000 0.000000 0.000000 1.000000 0.000000 0.000000 0.000000 0.000000 0.000000 
0.010302 0.035874 0.377096 0.126545 0.177452 0.125236 0.049269 0.035727 0.061498 0.001002 
0.000000 0.000000 0.000000 0.000639 0.000107 0.014392 0.984860 0.000001 0.000000 0.000000 
0.057506 0.019961 0.006907 0.008841 0.333283 0.543806 0.029300 0.000370 0.000025 0.000000 
0.000076 0.000004 0.000016 0.000030 0.000000 0.865885 0.133988 0.000000 0.000000 0.000000 
0.022265 0.015353 0.002339 0.003909 0.228519 0.337349 0.108291 0.031250 0.239252 0.011473 
0.025776 0.157709 0.289846 0.287709 0.071625 0.160798 0.006318 0.000059 0.000158 0.000001 
0.000000 0.001329 0.000002 0.520509 0.000000 0.478094 0.000066 0.000000 0.000000 0.000000 
0.973326 0.000091 0.000722 0.000001 0.000000 0.000096 0.000000 0.000000 0.000673 0.025091 
0.000000 0.000000 0.000000 0.000000 0.000000 0.001896 0.298152 0.699947 0.000002 0.000003 
0.000000 0.000003 0.057338 0.940168 0.000004 0.002487 0.000001 0.000000 0.000000 0.000000 
0.001474 0.034512 0.150071 0.416551 0.369373 0.020782 0.006980 0.000085 0.000167 0.000005 
0.960450 0.001985 0.003421 0.020793 0.010419 0.000655 0.002191 0.000004 0.000083 0.000000 
0.000000 0.000000 0.000000 0.000000 0.000010 0.972638 0.027353 0.000000 0.000000 0.000000 
0.000000 0.000000 0.000000 0.000000 0.000000 0.000000 1.000000 0.000000 0.000000 0.000000 
0.000000 0.000000 0.000000 0.022015 0.000065 0.976751 0.001170 0.000000 0.000000 0.000000 
0.227154 0.066243 0.241104 0.440639 0.000041 0.020628 0.000077 0.000004 0.000034 0.004077 
0.267396 0.006622 0.081502 0.642926 0.000051 0.001475 0.000029 0.000000 0.000001 0.000000 
0.000595 0.004161 0.000092 0.004714 0.856279 0.112809 0.021310 0.000030 0.000011 0.000000 
0.026679 0.080688 0.022849 0.002879 0.474514 0.097329 0.031766 0.021349 0.232966 0.008982 
0.000000 0.000000 0.985683 0.014314 0.000000 0.000002 0.000000 0.000000 0.000000 0.000000 
0.871592 0.006321 0.065348 0.056425 0.000046 0.000253 0.000007 0.000001 0.000007 0.000000 
0.000000 0.000007 0.000254 0.000029 0.000005 0.001418 0.998285 0.000001 0.000000 0.000000 
0.019484 0.022023 0.008340 0.008896 0.923529 0.010425 0.001189 0.000036 0.004046 0.002031 
0.002632 0.984782 0.010320 0.001223 0.000030 0.000003 0.000247 0.000761 0.000000 0.000001 
0.071073 0.400376 0.066847 0.102105 0.066580 0.083072 0.190987 0.005000 0.013177 0.000785 
0.000006 0.000001 0.000035 0.000100 0.101050 0.044957 0.142325 0.105637 0.605838 0.000051 
0.002792 0.024373 0.075421 0.006924 0.000708 0.193367 0.663673 0.016668 0.011895 0.004179 
0.000000 0.000001 0.000000 0.000000 0.000130 0.001250 0.998619 0.000001 0.000000 0.000000 
0.027252 0.181186 0.001011 0.004416 0.000001 0.785975 0.000159 0.000000 0.000000 0.000000 
0.000087 0.000688 0.000001 0.000248 0.002423 0.092275 0.896119 0.004245 0.003718 0.000195 
0.000000 0.000000 0.000000 0.000000 0.000000 0.000000 0.932907 0.023517 0.043524 0.000052 
0.000000 0.000000 0.000000 0.000000 0.000000 0.000000 1.000000 0.000000 0.000000 0.000000 
0.000000 0.000001 0.000001 0.000463 0.020414 0.471160 0.507957 0.000001 0.000003 0.000000 
0.000000 0.000000 0.000000 0.000000 0.000000 0.000000 0.097939 0.037764 0.721583 0.142715 
0.001458 0.012191 0.004937 0.027194 0.106312 0.181395 0.030198 0.001800 0.630542 0.003973 
0.000104 0.000184 0.000034 0.000055 0.003771 0.001406 0.289124 0.292322 0.175310 0.237688 
0.000000 0.000000 0.000000 0.000000 0.005593 0.000222 0.001492 0.000000 0.992692 0.000000 
0.000017 0.000111 0.002931 0.005344 0.012318 0.033548 0.807859 0.075625 0.058084 0.004162 
0.000000 0.000000 0.000000 0.000000 0.000143 0.992746 0.007111 0.000000 0.000000 0.000000 
0.000194 0.002542 0.034078 0.105082 0.294872 0.183303 0.376020 0.003891 0.000020 0.000000 
0.000003 0.000039 0.000000 0.000000 0.001738 0.004788 0.209244 0.048599 0.727489 0.008100 
0.001187 0.011307 0.000004 0.000005 0.000916 0.013278 0.512149 0.129868 0.140642 0.190645 
0.000741 0.004552 0.012484 0.312323 0.013598 0.078354 0.050833 0.307396 0.214099 0.005619 
0.000003 0.000014 0.000000 0.000000 0.000000 0.962705 0.033756 0.000032 0.002153 0.001337 
0.048398 0.034763 0.004042 0.008890 0.145817 0.156703 0.576831 0.024544 0.000013 0.000001 
0.000000 0.000000 0.000000 0.000000 0.000000 0.000027 0.875020 0.000210 0.124667 0.000076 
0.090042 0.271503 0.007449 0.037366 0.019142 0.533934 0.040381 0.000058 0.000050 0.000075 
0.002420 0.105741 0.023422 0.144546 0.174722 0.451283 0.081312 0.000790 0.015741 0.000023 
0.000007 0.000954 0.000166 0.020983 0.001328 0.969423 0.007139 0.000000 0.000000 0.000000 
0.000001 0.061543 0.000002 0.002917 0.332701 0.569150 0.013181 0.000187 0.020319 0.000000 
0.000000 0.000000 0.000000 0.000000 0.000033 0.000032 0.999419 0.000515 0.000000 0.000000 
0.000000 0.000000 0.000000 0.000000 0.000002 0.125974 0.873385 0.000625 0.000014 0.000000 
0.000013 0.000056 0.009264 0.016381 0.002492 0.338969 0.627540 0.005273 0.000011 0.000001 
0.000043 0.076261 0.000515 0.000176 0.000008 0.812047 0.089171 0.019917 0.001856 0.000009 
0.000006 0.000007 0.000003 0.000007 0.004594 0.064271 0.756883 0.161323 0.012835 0.000071 
0.218067 0.068020 0.491667 0.036959 0.000006 0.020412 0.000084 0.000789 0.000287 0.163711 
0.025942 0.966390 0.002901 0.004157 0.000001 0.000605 0.000003 0.000000 0.000000 0.000000 
0.000000 0.000000 0.000000 0.000000 0.000166 0.022584 0.977250 0.000000 0.000000 0.000000 
0.000000 0.000000 0.000000 0.000000 0.000000 0.000108 0.999892 0.000000 0.000000 0.000000 
0.000000 0.000000 0.000000 0.000000 0.000000 0.000000 0.027817 0.007170 0.000587 0.964427 
0.000000 0.000001 0.000001 0.000000 0.000000 0.521775 0.137818 0.340405 0.000000 0.000000 
0.000000 0.000002 0.000001 0.000000 0.000232 0.002779 0.996986 0.000001 0.000000 0.000000 
0.000001 0.000039 0.000001 0.000027 0.913693 0.026359 0.059418 0.000115 0.000347 0.000000 
0.000116 0.000005 0.000490 0.000005 0.000010 0.763379 0.047520 0.188303 0.000000 0.000171 
0.087020 0.123562 0.086379 0.019553 0.031521 0.086543 0.167644 0.157125 0.095578 0.145074 
0.000000 0.000152 0.000033 0.007484 0.005407 0.000119 0.707015 0.254997 0.021057 0.003736 
0.085603 0.000841 0.496767 0.000738 0.278779 0.096247 0.009763 0.002273 0.000286 0.028704 
0.000001 0.000002 0.000000 0.000000 0.000006 0.000099 0.911487 0.040714 0.000068 0.047621 
0.034659 0.063204 0.056293 0.049644 0.031521 0.033420 0.073993 0.338312 0.116731 0.202223 
0.000000 0.000000 0.000000 0.000000 0.001141 0.000791 0.198330 0.135400 0.664299 0.000040 
0.000000 0.000246 0.219205 0.757564 0.000271 0.002816 0.019898 0.000000 0.000000 0.000000 
0.132754 0.010157 0.548946 0.013952 0.000537 0.016176 0.022637 0.188105 0.020489 0.046247 
0.049937 0.079860 0.397490 0.222777 0.059464 0.081188 0.042516 0.045059 0.008858 0.012852 
0.000000 0.000000 0.000000 0.000000 0.000000 0.000002 0.999997 0.000001 0.000000 0.000000 
0.005168 0.021869 0.013291 0.044025 0.805336 0.021397 0.020688 0.003114 0.065109 0.000004 
0.000203 0.000677 0.000253 0.000443 0.002031 0.100222 0.681836 0.098031 0.034487 0.081817 
0.000000 0.000000 0.000000 0.000000 0.000017 0.000181 0.999767 0.000000 0.000035 0.000000 
0.003483 0.079192 0.000033 0.000085 0.001267 0.006629 0.000007 0.000002 0.909302 0.000000 
0.893445 0.000041 0.000165 0.027983 0.000002 0.077990 0.000374 0.000000 0.000000 0.000000 
0.001421 0.014270 0.079721 0.564499 0.011783 0.288830 0.039222 0.000254 0.000000 0.000000 
0.032743 0.161610 0.010681 0.379360 0.190602 0.212998 0.011752 0.000170 0.000081 0.000003 
0.000000 0.000000 0.000000 0.000000 0.000000 0.000000 0.000000 0.006733 0.000429 0.992838 
0.003977 0.796157 0.004559 0.003945 0.036187 0.031823 0.123038 0.000078 0.000235 0.000000 
0.399328 0.087943 0.056013 0.038126 0.035941 0.197430 0.063041 0.067524 0.020894 0.033760 
0.000000 0.000000 0.000000 0.000000 0.000000 0.000000 0.997143 0.000000 0.002857 0.000000 
0.000611 0.000154 0.043705 0.019174 0.003595 0.915581 0.017151 0.000000 0.000029 0.000000 
0.000000 0.000000 0.000000 0.000000 0.000000 0.000004 0.999453 0.000000 0.000002 0.000541 
0.000000 0.000019 0.000000 0.000000 0.001404 0.958166 0.040283 0.000077 0.000051 0.000000 
0.000000 0.000000 0.343528 0.656465 0.000006 0.000000 0.000000 0.000000 0.000000 0.000000 
0.000793 0.000505 0.001393 0.003772 0.043603 0.511185 0.423575 0.000359 0.011064 0.003751 
0.633392 0.247693 0.001096 0.011530 0.080438 0.000015 0.000483 0.000000 0.025353 0.000000 
0.000000 0.000001 0.175403 0.824592 0.000000 0.000003 0.000000 0.000000 0.000000 0.000000 
0.000075 0.000295 0.015636 0.072695 0.026012 0.375056 0.101127 0.074692 0.334412 0.000000 
0.019884 0.135330 0.092815 0.093346 0.627167 0.025613 0.005649 0.000183 0.000013 0.000000 
0.000000 0.000000 0.000000 0.000001 0.000001 0.000856 0.998215 0.000854 0.000074 0.000000 
0.001691 0.001672 0.059693 0.151473 0.322727 0.045760 0.385449 0.007949 0.011493 0.012094 
0.000000 0.000000 0.000000 0.000000 0.000000 0.000018 0.723206 0.267573 0.001000 0.008203 
0.000000 0.000000 0.000000 0.000000 0.000000 0.000000 0.000000 0.003211 0.000000 0.996789 
0.000000 0.000000 0.000000 0.000000 0.000000 0.000000 0.014926 0.002975 0.124351 0.857748 
0.389111 0.368693 0.022120 0.005523 0.005128 0.150621 0.014101 0.000027 0.001967 0.042711 
0.009369 0.021840 0.152789 0.193710 0.039152 0.184558 0.285591 0.066457 0.043596 0.002938 
0.021627 0.007989 0.002316 0.024484 0.308314 0.521610 0.081314 0.012218 0.020042 0.000086 
0.141687 0.083556 0.020332 0.002533 0.033133 0.624231 0.004072 0.000993 0.084641 0.004823 
0.000000 0.000000 0.000000 0.000000 0.000000 1.000000 0.000000 0.000000 0.000000 0.000000 
0.000023 0.000104 0.000015 0.000003 0.019868 0.979444 0.000544 0.000000 0.000000 0.000000 
0.000000 0.000015 0.000000 0.000000 0.103731 0.819502 0.076608 0.000018 0.000127 0.000000 
0.000000 0.000000 0.105319 0.173174 0.004504 0.000146 0.716299 0.000556 0.000001 0.000000 
0.188413 0.342111 0.124404 0.107483 0.110281 0.062417 0.028484 0.015972 0.016485 0.003951 
0.000239 0.000156 0.000030 0.000036 0.000039 0.054981 0.833708 0.102256 0.007880 0.000674 
0.002150 0.005755 0.132860 0.857310 0.000101 0.000015 0.000000 0.000048 0.000007 0.001753 
0.000000 0.000000 0.000000 0.000000 0.000000 0.999982 0.000018 0.000000 0.000000 0.000000 
0.285958 0.090337 0.123587 0.137930 0.033745 0.025261 0.006924 0.047363 0.224605 0.024292 
0.000000 0.000000 0.000000 0.000000 0.000000 1.000000 0.000000 0.000000 0.000000 0.000000 
0.006068 0.001167 0.532658 0.415665 0.036161 0.008279 0.000002 0.000000 0.000000 0.000000 
0.028744 0.487133 0.467891 0.012202 0.003844 0.000180 0.000003 0.000000 0.000002 0.000000 
0.708096 0.044154 0.013231 0.022641 0.092877 0.103646 0.004779 0.006329 0.004128 0.000119 
0.923154 0.075944 0.000238 0.000662 0.000000 0.000001 0.000000 0.000000 0.000000 0.000000 
0.770379 0.131563 0.000305 0.014306 0.051039 0.032030 0.000372 0.000000 0.000008 0.000000 
0.000000 0.001427 0.000001 0.001235 0.534297 0.352535 0.110504 0.000001 0.000000 0.000000 
0.012483 0.159124 0.008961 0.051033 0.219419 0.360821 0.106803 0.012578 0.068230 0.000548 
0.000000 0.000000 0.000000 0.000000 0.000000 0.775290 0.224671 0.000039 0.000000 0.000000 
0.000000 0.000001 0.000000 0.000001 0.065016 0.221813 0.713110 0.000012 0.000046 0.000000 
0.000000 0.000000 0.000000 0.000000 0.519955 0.420499 0.059379 0.000167 0.000000 0.000000 
0.000000 0.000000 0.000195 0.003931 0.000000 0.995873 0.000001 0.000000 0.000000 0.000000 
0.004255 0.056135 0.021438 0.017081 0.687976 0.115741 0.066477 0.003235 0.027571 0.000092 
0.355263 0.511864 0.021653 0.072028 0.020063 0.015053 0.003910 0.000051 0.000111 0.000002 
0.505896 0.085604 0.197933 0.071610 0.000990 0.032318 0.003480 0.008814 0.002739 0.090616 
0.000000 0.000000 0.000000 0.000000 0.000000 0.000000 0.999999 0.000001 0.000000 0.000000 
0.005799 0.039486 0.062674 0.012951 0.000000 0.008505 0.000002 0.000059 0.001871 0.868653 
0.012502 0.002219 0.000252 0.078788 0.007350 0.072513 0.002697 0.000015 0.823663 0.000001 
0.000000 0.000000 0.000000 0.000000 0.000000 0.000000 1.000000 0.000000 0.000000 0.000000 
0.001526 0.001448 0.032896 0.263790 0.683996 0.007474 0.001725 0.005527 0.001591 0.000026 
0.000005 0.000009 0.031550 0.006711 0.016869 0.028588 0.006877 0.909305 0.000025 0.000061 
0.003068 0.005057 0.042061 0.157768 0.125027 0.072576 0.031035 0.535354 0.025781 0.002274 
0.000000 0.000000 0.000000 0.000000 0.047386 0.000450 0.952163 0.000000 0.000000 0.000000 
0.000000 0.000000 0.039896 0.016072 0.000016 0.372623 0.000000 0.571388 0.000005 0.000000 
0.015696 0.042633 0.179472 0.498260 0.218071 0.013831 0.007849 0.006063 0.013333 0.004792 
0.535316 0.267403 0.114372 0.024036 0.000032 0.004336 0.000001 0.000007 0.032206 0.022290 
0.004715 0.113770 0.008015 0.163657 0.262822 0.429180 0.017753 0.000042 0.000025 0.000021 
0.766348 0.212074 0.003727 0.015281 0.002180 0.000321 0.000000 0.000000 0.000000 0.000068 
0.296215 0.086998 0.261958 0.282417 0.007754 0.053201 0.001153 0.000472 0.008344 0.001488 
0.119883 0.056290 0.006348 0.027397 0.560100 0.155978 0.023559 0.006539 0.033252 0.010654 
0.000254 0.114836 0.000248 0.000577 0.001423 0.000048 0.000007 0.000097 0.882454 0.000055 
0.021751 0.449691 0.008928 0.267163 0.121627 0.128234 0.002563 0.000001 0.000040 0.000001 
0.302313 0.200791 0.161332 0.185984 0.060278 0.022921 0.005950 0.024805 0.022798 0.012828 
0.000000 0.000000 0.000000 0.000000 0.000000 0.000000 0.992878 0.004462 0.002661 0.000000 
0.035851 0.754290 0.130071 0.075715 0.000083 0.000958 0.003032 0.000000 0.000000 0.000000 
0.025709 0.157864 0.186631 0.067473 0.262574 0.069577 0.105503 0.044792 0.060718 0.019158 
0.415218 0.178896 0.019743 0.022234 0.284634 0.011081 0.020469 0.009507 0.036471 0.001748 
0.027917 0.971973 0.000109 0.000001 0.000000 0.000000 0.000000 0.000000 0.000000 0.000000 
0.042578 0.639084 0.034057 0.014278 0.000532 0.008706 0.138357 0.000865 0.025822 0.095721 
0.901647 0.000125 0.004793 0.045391 0.016870 0.030546 0.000600 0.000029 0.000000 0.000000 
0.211927 0.455066 0.119814 0.124530 0.001362 0.016432 0.002098 0.000923 0.038596 0.029252 
0.997456 0.001743 0.000726 0.000008 0.000000 0.000003 0.000000 0.000000 0.000002 0.000062 
0.141272 0.568266 0.090757 0.063707 0.060364 0.025579 0.007980 0.006370 0.023655 0.012048 
0.007281 0.992719 0.000000 0.000000 0.000000 0.000000 0.000000 0.000000 0.000000 0.000000 
0.881792 0.020759 0.005076 0.000000 0.000000 0.092329 0.000003 0.000041 0.000000 0.000000 
0.459925 0.200009 0.070730 0.239239 0.000913 0.003403 0.000167 0.000045 0.022891 0.002677 
0.379833 0.210910 0.183797 0.074354 0.135739 0.010800 0.003272 0.000573 0.000172 0.000552 
0.047078 0.816571 0.000016 0.000008 0.000004 0.000000 0.000000 0.000318 0.003937 0.132068 
0.000009 0.124128 0.000001 0.000027 0.000000 0.875167 0.000668 0.000000 0.000000 0.000000 
0.306147 0.172667 0.437188 0.058339 0.017612 0.007554 0.000458 0.000016 0.000017 0.000002 
0.143295 0.234864 0.266828 0.099525 0.105194 0.095508 0.038994 0.005536 0.007682 0.002575 
0.629971 0.006444 0.178426 0.054892 0.021902 0.108221 0.000021 0.000122 0.000001 0.000001 
0.001740 0.044484 0.116830 0.563193 0.072837 0.038630 0.053631 0.085100 0.011938 0.011619 
0.150794 0.000009 0.632648 0.216549 0.000000 0.000000 0.000000 0.000000 0.000000 0.000000 
0.330712 0.179962 0.202198 0.090999 0.006356 0.035836 0.006536 0.026166 0.042732 0.078504 
0.000000 0.000000 0.000000 0.000000 0.906839 0.093006 0.000155 0.000000 0.000000 0.000000 
0.004505 0.926361 0.000083 0.029799 0.007491 0.003505 0.026368 0.000005 0.001875 0.000008 
0.291060 0.125390 0.050756 0.223057 0.221501 0.006992 0.001644 0.063901 0.013984 0.001715 
0.008473 0.014012 0.610720 0.222280 0.009454 0.055088 0.026906 0.028009 0.011510 0.013547 
0.000167 0.000378 0.000047 0.000751 0.037270 0.937566 0.023821 0.000000 0.000000 0.000000 
0.000000 0.000001 0.000001 0.000021 0.021631 0.881948 0.096383 0.000012 0.000003 0.000000 
0.000000 0.000000 0.000000 0.000000 0.000006 0.999916 0.000078 0.000000 0.000000 0.000000 
0.000000 0.000000 0.000000 0.000000 0.000000 0.000000 1.000000 0.000000 0.000000 0.000000 
0.000198 0.001760 0.000024 0.000346 0.017165 0.932388 0.045352 0.002240 0.000466 0.000062 
0.439941 0.264897 0.068665 0.039144 0.019239 0.029027 0.035657 0.017787 0.066903 0.018741 
0.000000 0.000000 0.000000 0.000000 0.000001 0.000885 0.161630 0.029073 0.000294 0.808117 
0.000000 0.000000 0.000000 0.000000 0.000000 0.000847 0.004568 0.994573 0.000000 0.000011 
0.032597 0.226765 0.035860 0.040537 0.119979 0.318147 0.225792 0.000232 0.000089 0.000002 
0.000005 0.000133 0.001643 0.000146 0.007001 0.030992 0.958078 0.000058 0.001945 0.000000 
0.000079 0.000243 0.831063 0.000166 0.161145 0.000089 0.007126 0.000089 0.000001 0.000000 
0.000000 0.000000 0.000000 0.000000 0.000000 0.000000 1.000000 0.000000 0.000000 0.000000 
0.000289 0.000199 0.000118 0.000036 0.000002 0.009015 0.986787 0.003227 0.000327 0.000000 
0.000000 0.000000 0.000000 0.000000 0.000002 0.002358 0.997601 0.000006 0.000034 0.000000 
0.000000 0.000000 0.000000 0.000000 0.000039 0.000030 0.957985 0.041760 0.000186 0.000000 
0.000000 0.000000 0.000370 0.011396 0.967163 0.000394 0.013792 0.006885 0.000000 0.000000 
0.000000 0.000000 0.000000 0.000000 0.000000 0.000000 0.995736 0.004263 0.000001 0.000000 
0.000000 0.000000 0.000000 0.000000 0.000000 0.000338 0.999662 0.000000 0.000000 0.000000 
0.000000 0.000000 0.000000 0.000000 0.000000 0.956786 0.003095 0.013490 0.000354 0.026274 
0.000015 0.000028 0.000003 0.000021 0.001252 0.003534 0.989796 0.005240 0.000111 0.000002 
0.000000 0.000006 0.000100 0.020140 0.741218 0.000434 0.026309 0.211092 0.000700 0.000001 
0.000670 0.005689 0.238106 0.126004 0.114952 0.063613 0.319711 0.102885 0.027774 0.000595 
0.056404 0.146546 0.148656 0.491635 0.035168 0.096741 0.024132 0.000181 0.000416 0.000120 
0.008389 0.025585 0.007612 0.002605 0.052019 0.050861 0.033859 0.020872 0.791560 0.006637 
0.000000 0.000021 0.000000 0.000001 0.033942 0.575617 0.325103 0.001836 0.063468 0.000012 
0.000000 0.000000 0.000000 0.000000 0.000000 0.000012 0.999988 0.000000 0.000000 0.000000 
0.000120 0.001217 0.000006 0.002095 0.118568 0.775407 0.082904 0.019290 0.000392 0.000000 
0.000000 0.000000 0.000000 0.000000 0.000000 0.000000 1.000000 0.000000 0.000000 0.000000 
0.274159 0.433811 0.069478 0.033981 0.000346 0.162099 0.026125 0.000000 0.000000 0.000000 
0.345165 0.612668 0.000021 0.003687 0.001271 0.020288 0.016742 0.000000 0.000112 0.000046 
0.059815 0.056863 0.052047 0.049802 0.111436 0.093846 0.041229 0.033766 0.402765 0.098431 
0.373093 0.588765 0.019547 0.008530 0.004606 0.000666 0.004608 0.000057 0.000103 0.000026 
0.030017 0.085950 0.218038 0.196895 0.159138 0.136656 0.121494 0.032854 0.017980 0.000978 
0.000040 0.000168 0.055111 0.001720 0.007460 0.011323 0.570697 0.135268 0.138401 0.079811 
0.132741 0.026560 0.369074 0.461737 0.000197 0.003796 0.005796 0.000000 0.000100 0.000000 
0.000001 0.000010 0.000000 0.000001 0.000188 0.003320 0.996462 0.000001 0.000015 0.000000 
0.000272 0.235257 0.000000 0.000004 0.000000 0.763932 0.000535 0.000000 0.000000 0.000000 
0.000000 0.000002 0.000422 0.003884 0.071657 0.857218 0.059555 0.006904 0.000359 0.000000 
0.093351 0.088065 0.287111 0.314653 0.142961 0.005243 0.000839 0.020511 0.042473 0.004794 
0.896715 0.041159 0.003741 0.000611 0.000000 0.003079 0.000007 0.000000 0.000000 0.054688 
0.000006 0.000261 0.002426 0.000040 0.000001 0.000479 0.996030 0.000105 0.000615 0.000035 
0.060836 0.005065 0.038997 0.630737 0.000861 0.002475 0.000088 0.000000 0.260940 0.000000 
0.796432 0.019427 0.174713 0.009054 0.000293 0.000016 0.000000 0.000016 0.000002 0.000048 
0.000000 0.000000 0.029684 0.970315 0.000000 0.000000 0.000000 0.000000 0.000000 0.000000 
0.000000 0.000000 0.024127 0.975302 0.000571 0.000000 0.000000 0.000000 0.000000 0.000000 
0.000000 0.000000 0.000000 0.000001 0.000046 0.019956 0.003417 0.974414 0.001455 0.000711 
0.000000 0.000000 0.000001 0.000002 0.922051 0.024560 0.026409 0.004684 0.022294 0.000000 
0.000000 0.000000 0.000000 0.000000 0.004979 0.994840 0.000165 0.000015 0.000000 0.000000 
0.000000 0.000000 0.000000 0.000000 0.000000 0.000177 0.999823 0.000000 0.000000 0.000000 
0.098282 0.075342 0.150888 0.135943 0.119180 0.171150 0.067352 0.129055 0.040986 0.011822 
0.000000 0.002124 0.000000 0.000001 0.806018 0.010724 0.181110 0.000003 0.000018 0.000001 
0.123229 0.453113 0.205767 0.183946 0.025957 0.006253 0.001020 0.000040 0.000661 0.000014 
0.000000 0.000000 0.000000 0.999963 0.000035 0.000001 0.000000 0.000000 0.000000 0.000000 
0.065608 0.033916 0.015165 0.034744 0.053346 0.387609 0.040626 0.036336 0.006780 0.325870 
0.030172 0.056707 0.176161 0.218350 0.162503 0.135979 0.147643 0.043842 0.023566 0.005076 
0.001057 0.006519 0.001672 0.004475 0.052044 0.340971 0.542233 0.044831 0.006056 0.000142 
0.000043 0.000511 0.000040 0.000115 0.015111 0.037337 0.943121 0.001573 0.002081 0.000068 
0.000000 0.000000 0.000000 0.000000 0.000000 0.000002 0.980286 0.000006 0.019706 0.000000 
0.000000 0.000000 0.000000 0.000000 0.000000 0.000000 0.844460 0.000343 0.155197 0.000000 
0.000000 0.000000 0.000000 0.000000 0.000000 0.000000 0.003044 0.696472 0.300464 0.000019 
0.364447 0.221358 0.041799 0.022240 0.041925 0.171963 0.001095 0.078593 0.015539 0.041041 
0.000629 0.017818 0.008549 0.204513 0.764967 0.000111 0.003346 0.000014 0.000052 0.000000 
0.046384 0.036950 0.094354 0.062020 0.276154 0.091219 0.347046 0.019380 0.013680 0.012812 
0.000000 0.000000 0.000000 0.000001 0.000116 0.047411 0.947997 0.004261 0.000212 0.000001 
0.000000 0.000000 0.000000 0.000133 0.000000 0.044170 0.955697 0.000000 0.000000 0.000000 
0.000000 0.000000 0.000000 0.000000 0.000002 0.000090 0.074112 0.000000 0.855496 0.070301 
0.000000 0.000000 0.000000 0.000000 0.002729 0.000250 0.540881 0.004276 0.448630 0.003233 
0.012872 0.038458 0.237740 0.010861 0.009143 0.087050 0.491852 0.031829 0.080188 0.000006 
0.105628 0.099556 0.631957 0.078832 0.000000 0.046281 0.000018 0.000000 0.037451 0.000278 
0.016065 0.041560 0.031733 0.072367 0.143172 0.342834 0.325397 0.004219 0.022366 0.000286 
0.019051 0.024501 0.140026 0.816421 0.000000 0.000000 0.000000 0.000000 0.000000 0.000000 
0.004602 0.020413 0.340862 0.608001 0.025322 0.000636 0.000131 0.000003 0.000030 0.000000 
0.239414 0.082814 0.331256 0.211113 0.045855 0.044889 0.014181 0.005355 0.024182 0.000942 
0.000513 0.003087 0.254021 0.740124 0.000335 0.001695 0.000085 0.000022 0.000111 0.000008 
0.526363 0.167921 0.185210 0.030960 0.000194 0.054696 0.000969 0.000521 0.024124 0.009042 
0.993965 0.000031 0.001637 0.000711 0.003656 0.000000 0.000000 0.000000 0.000000 0.000000 
0.000000 0.000000 0.000000 0.000000 0.000000 0.999992 0.000008 0.000000 0.000000 0.000000 
0.000107 0.000774 0.000001 0.002584 0.689430 0.220228 0.005933 0.000062 0.080880 0.000001 
0.000000 0.000000 0.000000 0.000000 0.000000 0.000000 1.000000 0.000000 0.000000 0.000000 
0.038838 0.026795 0.003261 0.015224 0.556910 0.284350 0.041170 0.027061 0.001452 0.004940 
0.001904 0.001264 0.000006 0.000648 0.000000 0.000000 0.000000 0.000000 0.996152 0.000026 
0.022926 0.001044 0.563456 0.009530 0.000883 0.400971 0.001189 0.000000 0.000000 0.000000 
0.366982 0.093955 0.239466 0.209623 0.014406 0.039201 0.009302 0.003136 0.017855 0.006075 
0.074094 0.093432 0.063240 0.768648 0.000441 0.000139 0.000006 0.000000 0.000002 0.000000 
0.066251 0.000524 0.448789 0.484275 0.000087 0.000000 0.000000 0.000000 0.000075 0.000000 
0.176600 0.147834 0.129346 0.426959 0.100644 0.012728 0.005712 0.000102 0.000075 0.000000 
0.000573 0.997187 0.002159 0.000071 0.000010 0.000000 0.000000 0.000000 0.000000 0.000000 
0.141872 0.067770 0.210151 0.271653 0.143341 0.087028 0.055248 0.006123 0.013278 0.003536 
0.999334 0.000055 0.000016 0.000516 0.000000 0.000079 0.000000 0.000000 0.000000 0.000000 
0.004469 0.995515 0.000000 0.000000 0.000017 0.000000 0.000000 0.000000 0.000000 0.000000 
0.096772 0.276458 0.094922 0.087800 0.129368 0.054210 0.048161 0.089118 0.093528 0.029665 
0.390406 0.232569 0.116488 0.129100 0.067910 0.037143 0.007931 0.011294 0.005357 0.001801 
0.057040 0.940161 0.001954 0.000268 0.000001 0.000085 0.000001 0.000000 0.000414 0.000076 
0.300635 0.150580 0.171622 0.085935 0.019167 0.048545 0.039480 0.015529 0.104178 0.064328 
0.035198 0.329862 0.605392 0.019814 0.001656 0.003431 0.002012 0.000017 0.002593 0.000026 
0.385777 0.335311 0.153616 0.060902 0.004533 0.021582 0.003411 0.001861 0.022836 0.010170 
0.350530 0.206799 0.190194 0.111625 0.063921 0.034596 0.013392 0.006681 0.019394 0.002869 
0.985066 0.013442 0.000492 0.000927 0.000004 0.000068 0.000001 0.000000 0.000000 0.000000 
0.168376 0.558750 0.001969 0.103773 0.166801 0.000021 0.000236 0.000000 0.000072 0.000001 
0.574941 0.126377 0.197585 0.086597 0.005464 0.001317 0.000082 0.001043 0.004016 0.002577 
0.911393 0.053015 0.035317 0.000275 0.000000 0.000000 0.000000 0.000000 0.000000 0.000000 
0.839727 0.007105 0.029615 0.090349 0.033019 0.000163 0.000019 0.000003 0.000001 0.000000 
0.253700 0.407138 0.027524 0.013592 0.212502 0.062863 0.002653 0.000685 0.019153 0.000191 
0.080647 0.100583 0.470589 0.188686 0.007842 0.072892 0.023703 0.013769 0.030649 0.010641 
0.182314 0.303515 0.170533 0.170193 0.044271 0.032122 0.010632 0.011809 0.019403 0.055209 
0.108112 0.505308 0.085744 0.045285 0.123183 0.066624 0.032449 0.003070 0.022093 0.008132 
0.773698 0.038837 0.135407 0.051893 0.000146 0.000017 0.000001 0.000000 0.000000 0.000000 
0.060770 0.248611 0.206849 0.123964 0.086314 0.105529 0.167803 0.000105 0.000056 0.000000 
0.000132 0.001697 0.039424 0.120406 0.099880 0.236363 0.046631 0.369137 0.086139 0.000191 
0.173083 0.682712 0.046464 0.039904 0.000588 0.021089 0.007793 0.000032 0.015066 0.013268 
0.000000 1.000000 0.000000 0.000000 0.000000 0.000000 0.000000 0.000000 0.000000 0.000000 
0.148088 0.114263 0.471258 0.120567 0.019686 0.040061 0.009836 0.016715 0.009523 0.050004 
0.164582 0.175600 0.051708 0.590286 0.000118 0.017695 0.000000 0.000011 0.000001 0.000000 
0.256645 0.346954 0.002489 0.377470 0.004931 0.002260 0.000067 0.000000 0.009184 0.000000 
0.000000 0.000000 0.000000 0.000000 0.000000 0.000000 0.000015 0.919276 0.000166 0.080543 
0.000015 0.000008 0.000001 0.000001 0.000004 0.000075 0.072980 0.226713 0.003624 0.696580 
0.000000 0.000000 0.000000 0.000000 0.000000 0.000000 0.000000 0.939822 0.059495 0.000683 
0.000109 0.000072 0.002201 0.007661 0.000013 0.068124 0.178615 0.052438 0.273372 0.417395 
0.000000 0.000000 0.000000 0.000000 0.000000 0.000000 0.001570 0.000001 0.151068 0.847361 
0.000000 0.000000 0.000000 0.000000 0.000000 0.000009 0.608017 0.083396 0.101850 0.206728 
0.000000 0.000000 0.000000 0.000000 0.000000 0.000000 0.000000 0.000018 0.999982 0.000000 
0.286301 0.175676 0.050272 0.125066 0.164226 0.080009 0.077242 0.025553 0.009511 0.006144 
0.001591 0.000467 0.000091 0.000149 0.005562 0.004742 0.020431 0.118377 0.843766 0.004822 
0.000000 0.000000 0.000000 0.000000 0.000005 0.000001 0.000002 0.000090 0.995663 0.004239 
0.000000 0.000000 0.000000 0.000000 0.000000 0.000000 0.000000 0.000000 1.000000 0.000000 
0.000000 0.000000 0.000000 0.000000 0.000029 0.000021 0.004660 0.987931 0.002899 0.004460 
0.000000 0.000000 0.000000 0.000000 0.000000 0.000000 0.000000 0.000000 1.000000 0.000000 
0.000006 0.000091 0.000001 0.000000 0.000000 0.000004 0.000110 0.000439 0.023418 0.975931 
0.000000 0.000000 0.000000 0.000000 0.000000 0.000000 0.000001 0.000025 0.999971 0.000003 
0.020478 0.028813 0.135347 0.173078 0.051175 0.050488 0.009849 0.350985 0.162706 0.017081 
0.000000 0.000000 0.000000 0.000000 0.000000 0.000000 0.000001 0.077332 0.006395 0.916272 
0.196561 0.111606 0.000160 0.000670 0.233311 0.001432 0.065123 0.224567 0.098266 0.068304 
0.000000 0.000000 0.000000 0.000000 0.000000 0.000000 0.000003 0.999997 0.000000 0.000000 
0.000000 0.000000 0.000000 0.000000 0.000000 0.000000 0.021995 0.023065 0.000011 0.954928 
0.000000 0.000847 0.000002 0.000000 0.000009 0.000000 0.000031 0.015257 0.507270 0.476584 
0.000052 0.000048 0.000036 0.000058 0.000035 0.000084 0.001989 0.177629 0.318874 0.501195 
0.000000 0.000000 0.000000 0.000000 0.000000 0.000000 0.000002 0.356827 0.552444 0.090727 
0.000021 0.000809 0.857471 0.002608 0.000085 0.008562 0.027790 0.101330 0.000791 0.000533 
0.000000 0.000000 0.000000 0.000000 0.000000 0.000000 0.000003 0.004493 0.579919 0.415585 
0.000011 0.000654 0.000632 0.000250 0.000022 0.000098 0.005174 0.249179 0.177767 0.566214 
0.000918 0.000843 0.000827 0.000861 0.001197 0.001411 0.003082 0.195579 0.131494 0.663788 
0.000000 0.000000 0.000000 0.000000 0.000000 0.000000 0.000000 0.000000 0.000000 1.000000 
0.000000 0.000000 0.000000 0.000000 0.000000 0.000000 0.000028 0.992416 0.000000 0.007556 
0.000000 0.000118 0.000000 0.000000 0.000000 0.078958 0.000423 0.920499 0.000000 0.000002 
0.000000 0.000000 0.000000 0.000000 0.000000 0.000000 0.000004 0.118098 0.049750 0.832148 
0.000039 0.000053 0.000000 0.000000 0.000013 0.000160 0.138471 0.277650 0.022197 0.561415 
0.000000 0.000000 0.000000 0.000000 0.000000 0.000000 0.000000 0.000000 1.000000 0.000000 
0.000002 0.000003 0.000001 0.000002 0.000001 0.000001 0.000155 0.020903 0.668866 0.310066 
0.000000 0.000000 0.000000 0.000000 0.000000 0.000000 0.000000 0.000000 0.000000 1.000000 
0.021790 0.007496 0.485817 0.124802 0.007384 0.284016 0.008760 0.018968 0.040291 0.000675 
0.002528 0.002188 0.000029 0.000315 0.055044 0.132667 0.447126 0.003502 0.356288 0.000313 
0.000000 0.000000 0.000000 0.000000 0.000000 0.000001 0.000003 0.000002 0.010844 0.989150 
0.000000 0.000000 0.000000 0.000000 0.000000 0.000000 0.000000 0.000000 1.000000 0.000000 
0.000000 0.000000 0.000000 0.000000 0.000000 0.000000 0.000000 0.000000 1.000000 0.000000 
0.000000 0.000000 0.000000 0.000000 0.000000 0.000000 0.000000 0.004218 0.989643 0.006139 
0.000000 0.000000 0.000000 0.000000 0.000000 0.000000 0.000000 0.000000 1.000000 0.000000 
0.000000 0.000000 0.000005 0.000003 0.000418 0.000003 0.006673 0.000046 0.992784 0.000067 
0.000023 0.000039 0.000002 0.000014 0.000999 0.042163 0.322673 0.243360 0.240048 0.150677 
0.008286 0.005569 0.000653 0.001695 0.008377 0.059249 0.082011 0.157268 0.057989 0.618904 
0.021987 0.032979 0.004144 0.032316 0.158962 0.027439 0.016220 0.074393 0.092478 0.539081 
0.857712 0.013624 0.009330 0.001051 0.000045 0.002356 0.000006 0.000780 0.001144 0.113951 
0.138107 0.499110 0.079976 0.094097 0.016294 0.038595 0.016012 0.000938 0.110955 0.005916 
0.057083 0.011462 0.067945 0.030235 0.013019 0.309451 0.166767 0.335929 0.004649 0.003461 
0.000000 0.000000 0.000000 0.000000 0.000000 0.000000 0.000000 0.578834 0.421161 0.000005 
0.000000 0.000000 0.000000 0.000000 0.000000 0.000000 0.925481 0.000060 0.006932 0.067526 
0.000000 0.000000 0.000000 0.000000 0.000000 0.000000 0.000000 0.999897 0.000000 0.000103 
0.026242 0.013297 0.015974 0.068474 0.071870 0.737937 0.003694 0.008264 0.049450 0.004798 
0.000005 0.000060 0.000000 0.000001 0.000629 0.001356 0.049790 0.948143 0.000017 0.000000 
0.000000 0.000000 0.000109 0.999881 0.000000 0.000005 0.000006 0.000000 0.000000 0.000000 
0.319817 0.136818 0.134740 0.147311 0.050575 0.068146 0.020441 0.002666 0.065017 0.054470 
0.019858 0.204893 0.127115 0.128598 0.124697 0.238958 0.136277 0.004729 0.014511 0.000364 
0.341415 0.419934 0.046497 0.191521 0.000605 0.000025 0.000001 0.000000 0.000000 0.000000 
0.000001 0.000000 0.950906 0.049093 0.000000 0.000000 0.000000 0.000000 0.000000 0.000000 
0.141518 0.003098 0.008676 0.839685 0.000000 0.002591 0.004432 0.000000 0.000000 0.000000 
0.000106 0.000406 0.272503 0.104381 0.023558 0.068989 0.005520 0.001028 0.523454 0.000055 
0.004388 0.003270 0.040708 0.228084 0.477714 0.183959 0.056623 0.002519 0.002734 0.000001 
0.000048 0.038853 0.193383 0.726526 0.000773 0.040245 0.000173 0.000000 0.000000 0.000000 
0.165647 0.452034 0.000810 0.000365 0.004978 0.124332 0.010118 0.002129 0.237142 0.002444 
0.514304 0.114230 0.113060 0.136022 0.082592 0.014060 0.002443 0.002746 0.018655 0.001889 
0.072941 0.000589 0.000000 0.000000 0.000025 0.754726 0.171718 0.000000 0.000000 0.000000 
0.529660 0.031448 0.082718 0.032122 0.154321 0.094173 0.000016 0.072337 0.001983 0.001221 
0.001552 0.347993 0.032785 0.022839 0.540548 0.013757 0.015575 0.015403 0.009516 0.000031 
0.000001 0.999994 0.000000 0.000005 0.000000 0.000000 0.000000 0.000000 0.000000 0.000000 
0.982438 0.014387 0.001827 0.000274 0.001009 0.000000 0.000000 0.000063 0.000002 0.000000 
0.131679 0.080340 0.020180 0.746183 0.000066 0.012744 0.008740 0.000045 0.000007 0.000016 
0.329224 0.667565 0.000277 0.000621 0.000012 0.002215 0.000086 0.000000 0.000000 0.000000 
0.995545 0.000868 0.002607 0.000944 0.000037 0.000000 0.000000 0.000000 0.000000 0.000000 
0.000851 0.470690 0.071572 0.064418 0.150070 0.041926 0.152964 0.039382 0.005949 0.002178 
0.265372 0.711328 0.014676 0.006940 0.000000 0.000032 0.000000 0.000000 0.001649 0.000001 
0.409341 0.109788 0.111169 0.103249 0.076405 0.101235 0.003567 0.009127 0.052439 0.023680 
0.996100 0.003777 0.000039 0.000056 0.000028 0.000000 0.000000 0.000000 0.000000 0.000000 
0.006758 0.000607 0.594826 0.397808 0.000000 0.000000 0.000000 0.000000 0.000000 0.000000 
0.123181 0.133160 0.281900 0.192376 0.085136 0.045707 0.015921 0.021840 0.068700 0.032077 
0.280196 0.042495 0.159555 0.057008 0.001005 0.075799 0.033019 0.002879 0.000710 0.347335 
0.247634 0.541939 0.043491 0.012934 0.000239 0.005683 0.006403 0.000106 0.105178 0.036392 
0.313061 0.320858 0.145126 0.050421 0.157354 0.011702 0.001439 0.000007 0.000019 0.000012 
0.885124 0.112824 0.000171 0.000014 0.001867 0.000000 0.000000 0.000000 0.000000 0.000000 
0.194775 0.013844 0.554875 0.032019 0.000003 0.000552 0.000005 0.000004 0.203475 0.000447 
0.685168 0.024763 0.105897 0.183179 0.000218 0.000774 0.000001 0.000000 0.000000 0.000000 
0.022792 0.165208 0.060322 0.540181 0.201947 0.003237 0.003253 0.000014 0.001418 0.001628 
0.810551 0.032809 0.009252 0.097107 0.013875 0.005665 0.026183 0.000149 0.004408 0.000000 
0.621456 0.188947 0.045180 0.000374 0.000001 0.045589 0.004021 0.000000 0.007026 0.087406 
0.633041 0.303547 0.048737 0.004362 0.002086 0.008135 0.000091 0.000000 0.000000 0.000000 
0.520454 0.188105 0.111375 0.032878 0.000141 0.019791 0.002812 0.010314 0.018889 0.095240 
0.202885 0.400270 0.036934 0.042489 0.238255 0.056123 0.018418 0.003087 0.001347 0.000192 
0.957345 0.005947 0.022195 0.012825 0.001667 0.000021 0.000000 0.000000 0.000000 0.000000 
0.053891 0.436927 0.294438 0.010924 0.000089 0.036909 0.002110 0.000998 0.025697 0.138016 
0.063222 0.033591 0.675159 0.166376 0.000892 0.000733 0.000070 0.000709 0.001324 0.057925 
0.407662 0.189699 0.126563 0.090012 0.135916 0.018564 0.010923 0.002037 0.017478 0.001148 
0.159949 0.186897 0.422317 0.078277 0.001153 0.031223 0.000692 0.006445 0.056501 0.056546 
0.435912 0.071275 0.158958 0.215690 0.004640 0.090635 0.006216 0.002017 0.011740 0.002918 
0.752592 0.085279 0.131003 0.019821 0.008456 0.002710 0.000005 0.000003 0.000129 0.000002 
0.361485 0.202902 0.036845 0.007510 0.000000 0.360655 0.000830 0.000000 0.000012 0.029762 
0.041107 0.651768 0.044159 0.035321 0.011774 0.209933 0.005703 0.000034 0.000201 0.000000 
0.010295 0.013222 0.246576 0.525038 0.096242 0.008750 0.004945 0.089378 0.005043 0.000510 
0.422823 0.069328 0.168739 0.096540 0.000054 0.111247 0.025709 0.002392 0.002528 0.100640 
0.619010 0.038165 0.108627 0.000044 0.234094 0.000060 0.000001 0.000000 0.000000 0.000000 
0.137261 0.246136 0.014283 0.252216 0.025567 0.314878 0.006206 0.000281 0.000611 0.002561 
0.978198 0.001377 0.017827 0.002590 0.000000 0.000008 0.000000 0.000000 0.000000 0.000000 
0.000000 0.000000 0.000000 0.000000 0.000000 0.000000 1.000000 0.000000 0.000000 0.000000 
0.300830 0.217575 0.076811 0.088690 0.087676 0.084002 0.047000 0.016038 0.042332 0.039046 
0.039176 0.054270 0.007878 0.016495 0.269364 0.479509 0.129213 0.003450 0.000321 0.000325 
0.000000 0.000000 0.000000 0.000150 0.999822 0.000000 0.000027 0.000000 0.000000 0.000000 
0.000000 0.000000 0.000000 0.000000 0.000001 0.000031 0.487153 0.008864 0.503951 0.000000 
0.000001 0.000000 0.000000 0.000005 0.017102 0.978679 0.002139 0.001605 0.000469 0.000000 
0.485988 0.502293 0.007761 0.000008 0.003188 0.000762 0.000000 0.000000 0.000000 0.000000 
0.052362 0.242785 0.003489 0.014662 0.246061 0.084773 0.160915 0.004928 0.187406 0.002618 
0.762833 0.080474 0.068302 0.077598 0.010529 0.000235 0.000028 0.000000 0.000000 0.000000 
0.000164 0.003067 0.003321 0.006158 0.175510 0.148993 0.650406 0.012036 0.000343 0.000002 
0.126874 0.563119 0.031093 0.069951 0.205838 0.002167 0.000655 0.000122 0.000169 0.000012 
0.346050 0.244932 0.306489 0.094527 0.000008 0.007973 0.000002 0.000000 0.000000 0.000019 
0.178475 0.142372 0.226319 0.271849 0.024468 0.028776 0.020973 0.008306 0.039415 0.059048 
0.000154 0.695816 0.000058 0.000008 0.000000 0.000037 0.000000 0.000000 0.303926 0.000000 
0.317674 0.171696 0.152174 0.056201 0.035478 0.020161 0.031344 0.002153 0.210025 0.003094 
0.043615 0.955762 0.000000 0.000000 0.000000 0.000000 0.000000 0.000623 0.000000 0.000000 
0.383460 0.592194 0.005248 0.005919 0.000000 0.001129 0.000000 0.000000 0.004271 0.007778 
0.013297 0.045506 0.183247 0.329882 0.160539 0.114370 0.042946 0.013322 0.096124 0.000768 
0.003704 0.150571 0.002993 0.000735 0.000145 0.681729 0.160121 0.000003 0.000000 0.000000 
0.000001 0.005780 0.000000 0.000000 0.938127 0.056086 0.000005 0.000000 0.000000 0.000000 
